92021 #SUP: 146380
92021 102 #SUP: 145785
92021 102 100 #SUP: 111357
92021 102 100 92 #SUP: 94569
92021 102 97 #SUP: 84768
92021 102 92 #SUP: 120762
92021 102 86 #SUP: 76470
92021 100 #SUP: 111469
92021 100 92 #SUP: 94654
92021 97 #SUP: 85176
92021 92 #SUP: 121125
92021 86 #SUP: 76711
92020 #SUP: 114779
92020 102 #SUP: 114716
92020 102 100 #SUP: 97405
92020 102 100 92 #SUP: 84150
92020 102 97 #SUP: 76353
92020 102 92 #SUP: 97720
92020 102 86 #SUP: 84437
92020 100 #SUP: 97416
92020 100 92 #SUP: 84158
92020 97 #SUP: 76400
92020 92 #SUP: 97765
92020 86 #SUP: 84481
102 #SUP: 369258
102 100 #SUP: 301680
102 100 98 #SUP: 128487
102 100 98 92 #SUP: 116180
102 100 97 #SUP: 173193
102 100 97 92 #SUP: 144822
102 100 97 92 86 #SUP: 105794
102 100 97 86 #SUP: 126557
102 100 92 #SUP: 261002
102 100 92 86 #SUP: 171459
102 100 86 #SUP: 198729
102 100 81 #SUP: 80730
102 100 80 #SUP: 75484
102 100 79 #SUP: 81442
102 100 60 #SUP: 79569
102 100 51 #SUP: 77760
102 100 50 #SUP: 83262
102 100 49 #SUP: 83414
102 98 #SUP: 141856
102 98 92 #SUP: 126623
102 98 86 #SUP: 78608
102 97 #SUP: 227402
102 97 92 #SUP: 186348
102 97 92 86 #SUP: 132776
102 97 86 #SUP: 161839
102 92 #SUP: 312971
102 92 86 #SUP: 203365
102 92 82 #SUP: 74416
102 92 81 #SUP: 84593
102 92 79 #SUP: 81032
102 92 60 #SUP: 76838
102 92 51 #SUP: 78764
102 92 50 #SUP: 81355
102 92 49 #SUP: 79655
102 87 #SUP: 78474
102 86 #SUP: 240447
102 82 #SUP: 93837
102 81 #SUP: 98172
102 80 #SUP: 85015
102 79 #SUP: 92234
102 62 #SUP: 84100
102 60 #SUP: 88117
102 52 #SUP: 91860
102 51 #SUP: 92845
102 50 #SUP: 93575
102 49 #SUP: 90978
100 #SUP: 301806
100 98 #SUP: 128565
100 98 92 #SUP: 116239
100 97 #SUP: 173241
100 97 92 #SUP: 144858
100 97 92 86 #SUP: 105805
100 97 86 #SUP: 126568
100 92 #SUP: 261097
100 92 86 #SUP: 171479
100 86 #SUP: 198754
100 81 #SUP: 80766
100 80 #SUP: 75493
100 79 #SUP: 81471
100 60 #SUP: 79569
100 51 #SUP: 77760
100 50 #SUP: 83263
100 49 #SUP: 83414
98 #SUP: 142064
98 92 #SUP: 126750
98 86 #SUP: 78670
97 #SUP: 227879
97 92 #SUP: 186644
97 92 86 #SUP: 132920
97 86 #SUP: 162081
92 #SUP: 313394
92 86 #SUP: 203532
92 82 #SUP: 74698
92 81 #SUP: 84650
92 79 #SUP: 81101
92 60 #SUP: 76838
92 51 #SUP: 78766
92 50 #SUP: 81355
92 49 #SUP: 79655
87 #SUP: 78710
86 #SUP: 240751
82 #SUP: 94304
81 #SUP: 98251
80 #SUP: 85034
79 #SUP: 92354
62 #SUP: 84101
60 #SUP: 88117
52 #SUP: 92542
51 #SUP: 92847
50 #SUP: 93576
49 #SUP: 90978
