92021 #SUP: 1875
92021 102 #SUP: 1874
92021 102 100 #SUP: 1556
92021 102 100 98 #SUP: 1500
92021 102 98 #SUP: 1765
92021 102 98 92 #SUP: 1576
92021 102 92 #SUP: 1662
92021 100 #SUP: 1557
92021 100 98 #SUP: 1501
92021 98 #SUP: 1766
92021 98 92 #SUP: 1576
92021 92 #SUP: 1662
92020 #SUP: 1689
92020 102 #SUP: 1688
92020 102 100 #SUP: 1504
92020 102 100 98 #SUP: 1435
92020 102 98 #SUP: 1571
92020 102 92 #SUP: 1429
92020 100 #SUP: 1505
92020 100 98 #SUP: 1436
92020 98 #SUP: 1572
92020 92 #SUP: 1430
102 #SUP: 6966
102 100 #SUP: 6163
102 100 98 #SUP: 5797
102 100 98 92 #SUP: 4971
102 100 98 92 86 #SUP: 2845
102 100 98 92 79 #SUP: 1430
102 100 98 92 78 #SUP: 1425
102 100 98 92 60 #SUP: 1809
102 100 98 86 #SUP: 3347
102 100 98 81 #SUP: 1445
102 100 98 80 #SUP: 1446
102 100 98 79 #SUP: 1547
102 100 98 78 #SUP: 1736
102 100 98 77 #SUP: 1475
102 100 98 60 #SUP: 2109
102 100 98 51 #SUP: 1446
102 100 98 50 #SUP: 1548
102 100 98 49 #SUP: 1499
102 100 92 #SUP: 5240
102 100 92 86 #SUP: 2999
102 100 92 80 #SUP: 1422
102 100 92 79 #SUP: 1470
102 100 92 78 #SUP: 1495
102 100 92 60 #SUP: 1896
102 100 92 50 #SUP: 1462
102 100 92 49 #SUP: 1447
102 100 86 #SUP: 3579
102 100 82 #SUP: 1453
102 100 81 #SUP: 1556
102 100 80 #SUP: 1565
102 100 79 #SUP: 1589
102 100 78 #SUP: 1859
102 100 77 #SUP: 1579
102 100 76 #SUP: 1400
102 100 60 #SUP: 2233
102 100 52 #SUP: 1404
102 100 51 #SUP: 1530
102 100 50 #SUP: 1649
102 100 49 #SUP: 1580
102 98 #SUP: 6421
102 98 92 #SUP: 5486
102 98 92 86 #SUP: 3121
102 98 92 80 #SUP: 1423
102 98 92 79 #SUP: 1517
102 98 92 78 #SUP: 1589
102 98 92 60 #SUP: 1978
102 98 92 50 #SUP: 1484
102 98 92 49 #SUP: 1470
102 98 86 #SUP: 3693
102 98 82 #SUP: 1583
102 98 81 #SUP: 1646
102 98 80 #SUP: 1550
102 98 79 #SUP: 1642
102 98 78 #SUP: 1950
102 98 77 #SUP: 1619
102 98 76 #SUP: 1456
102 98 75 #SUP: 1396
102 98 60 #SUP: 2307
102 98 52 #SUP: 1548
102 98 51 #SUP: 1604
102 98 50 #SUP: 1668
102 98 49 #SUP: 1601
102 92 #SUP: 5854
102 92 86 #SUP: 3321
102 92 81 #SUP: 1452
102 92 80 #SUP: 1518
102 92 79 #SUP: 1590
102 92 78 #SUP: 1670
102 92 77 #SUP: 1461
102 92 76 #SUP: 1398
102 92 60 #SUP: 2093
102 92 51 #SUP: 1433
102 92 50 #SUP: 1584
102 92 49 #SUP: 1545
102 86 #SUP: 4018
102 82 #SUP: 1774
102 81 #SUP: 1790
102 80 #SUP: 1682
102 79 #SUP: 1720
102 78 #SUP: 2132
102 77 #SUP: 1759
102 76 #SUP: 1554
102 75 #SUP: 1521
102 60 #SUP: 2495
102 52 #SUP: 1742
102 51 #SUP: 1743
102 50 #SUP: 1789
102 49 #SUP: 1692
100 #SUP: 6168
100 98 #SUP: 5802
100 98 92 #SUP: 4972
100 98 92 86 #SUP: 2846
100 98 92 79 #SUP: 1430
100 98 92 78 #SUP: 1425
100 98 92 60 #SUP: 1809
100 98 86 #SUP: 3350
100 98 81 #SUP: 1447
100 98 80 #SUP: 1446
100 98 79 #SUP: 1547
100 98 78 #SUP: 1739
100 98 77 #SUP: 1477
100 98 60 #SUP: 2109
100 98 51 #SUP: 1447
100 98 50 #SUP: 1548
100 98 49 #SUP: 1499
100 92 #SUP: 5241
100 92 86 #SUP: 3000
100 92 80 #SUP: 1422
100 92 79 #SUP: 1470
100 92 78 #SUP: 1495
100 92 60 #SUP: 1896
100 92 50 #SUP: 1462
100 92 49 #SUP: 1447
100 86 #SUP: 3582
100 82 #SUP: 1456
100 81 #SUP: 1558
100 80 #SUP: 1565
100 79 #SUP: 1589
100 78 #SUP: 1862
100 77 #SUP: 1581
100 76 #SUP: 1400
100 60 #SUP: 2233
100 52 #SUP: 1408
100 51 #SUP: 1531
100 50 #SUP: 1649
100 49 #SUP: 1580
98 #SUP: 6426
98 92 #SUP: 5487
98 92 86 #SUP: 3122
98 92 80 #SUP: 1423
98 92 79 #SUP: 1517
98 92 78 #SUP: 1589
98 92 60 #SUP: 1978
98 92 50 #SUP: 1484
98 92 49 #SUP: 1470
98 86 #SUP: 3696
98 82 #SUP: 1586
98 81 #SUP: 1648
98 80 #SUP: 1550
98 79 #SUP: 1642
98 78 #SUP: 1953
98 77 #SUP: 1621
98 76 #SUP: 1456
98 75 #SUP: 1396
98 60 #SUP: 2307
98 52 #SUP: 1552
98 51 #SUP: 1605
98 50 #SUP: 1668
98 49 #SUP: 1601
92 #SUP: 5855
92 86 #SUP: 3322
92 81 #SUP: 1452
92 80 #SUP: 1518
92 79 #SUP: 1590
92 78 #SUP: 1670
92 77 #SUP: 1462
92 76 #SUP: 1398
92 60 #SUP: 2093
92 51 #SUP: 1434
92 50 #SUP: 1584
92 49 #SUP: 1545
86 #SUP: 4021
82 #SUP: 1777
81 #SUP: 1792
80 #SUP: 1682
79 #SUP: 1720
78 #SUP: 2135
77 #SUP: 1761
76 #SUP: 1554
75 #SUP: 1521
60 #SUP: 2495
52 #SUP: 1746
51 #SUP: 1744
50 #SUP: 1789
49 #SUP: 1692
