92021 #SUP: 109040
92021 102 #SUP: 109037
92021 102 100 #SUP: 91633
92021 102 100 92 #SUP: 77676
92021 102 92 #SUP: 91928
92021 100 #SUP: 91635
92021 100 92 #SUP: 77677
92021 92 #SUP: 91930
92020 #SUP: 99729
92020 102 #SUP: 99725
92020 102 100 #SUP: 88352
92020 102 100 92 #SUP: 76803
92020 102 100 86 #SUP: 65233
92020 102 97 #SUP: 63885
92020 102 92 #SUP: 86135
92020 102 92 86 #SUP: 62996
92020 102 86 #SUP: 73134
92020 100 #SUP: 88354
92020 100 92 #SUP: 76805
92020 100 86 #SUP: 65235
92020 97 #SUP: 63886
92020 92 #SUP: 86138
92020 92 86 #SUP: 62999
92020 86 #SUP: 73138
2020 #SUP: 62726
2020 102 #SUP: 62726
102 #SUP: 304515
102 100 #SUP: 264910
102 100 98 #SUP: 116571
102 100 98 92 #SUP: 105462
102 100 98 92 86 #SUP: 61494
102 100 98 86 #SUP: 67399
102 100 97 #SUP: 148339
102 100 97 92 #SUP: 124582
102 100 97 92 86 #SUP: 91668
102 100 97 86 #SUP: 109226
102 100 92 #SUP: 230044
102 100 92 86 #SUP: 153162
102 100 92 81 #SUP: 62101
102 100 92 79 #SUP: 61781
102 100 92 60 #SUP: 69765
102 100 92 50 #SUP: 62378
102 100 86 #SUP: 176625
102 100 82 #SUP: 61550
102 100 81 #SUP: 71414
102 100 80 #SUP: 62634
102 100 79 #SUP: 69312
102 100 62 #SUP: 69662
102 100 60 #SUP: 79559
102 100 51 #SUP: 65947
102 100 50 #SUP: 71075
102 100 49 #SUP: 67198
102 98 #SUP: 125773
102 98 92 #SUP: 113196
102 98 92 86 #SUP: 65251
102 98 86 #SUP: 71875
102 97 #SUP: 178742
102 97 92 #SUP: 149244
102 97 92 86 #SUP: 107785
102 97 86 #SUP: 129207
102 92 #SUP: 262440
102 92 86 #SUP: 173036
102 92 82 #SUP: 65233
102 92 81 #SUP: 71290
102 92 79 #SUP: 67059
102 92 62 #SUP: 70334
102 92 60 #SUP: 76827
102 92 52 #SUP: 63992
102 92 51 #SUP: 65364
102 92 50 #SUP: 69067
102 92 49 #SUP: 64017
102 87 #SUP: 63634
102 86 #SUP: 201082
102 82 #SUP: 78354
102 81 #SUP: 82175
102 80 #SUP: 68438
102 79 #SUP: 75548
102 62 #SUP: 82537
102 60 #SUP: 88105
102 52 #SUP: 76209
102 51 #SUP: 76150
102 50 #SUP: 79044
102 49 #SUP: 73112
100 #SUP: 264914
100 98 #SUP: 116574
100 98 92 #SUP: 105465
100 98 92 86 #SUP: 61496
100 98 86 #SUP: 67401
100 97 #SUP: 148340
100 97 92 #SUP: 124582
100 97 92 86 #SUP: 91668
100 97 86 #SUP: 109226
100 92 #SUP: 230047
100 92 86 #SUP: 153164
100 92 81 #SUP: 62101
100 92 79 #SUP: 61782
100 92 60 #SUP: 69765
100 92 50 #SUP: 62378
100 86 #SUP: 176627
100 82 #SUP: 61553
100 81 #SUP: 71414
100 80 #SUP: 62634
100 79 #SUP: 69313
100 62 #SUP: 69662
100 60 #SUP: 79559
100 51 #SUP: 65947
100 50 #SUP: 71076
100 49 #SUP: 67198
98 #SUP: 125779
98 92 #SUP: 113201
98 92 86 #SUP: 65254
98 86 #SUP: 71878
97 #SUP: 178744
97 92 #SUP: 149244
97 92 86 #SUP: 107785
97 86 #SUP: 129208
92 #SUP: 262445
92 86 #SUP: 173039
92 82 #SUP: 65236
92 81 #SUP: 71290
92 79 #SUP: 67060
92 62 #SUP: 70335
92 60 #SUP: 76827
92 52 #SUP: 63997
92 51 #SUP: 65364
92 50 #SUP: 69067
92 49 #SUP: 64017
87 #SUP: 63637
86 #SUP: 201086
82 #SUP: 78360
81 #SUP: 82175
80 #SUP: 68439
79 #SUP: 75549
62 #SUP: 82538
60 #SUP: 88105
52 #SUP: 76216
51 #SUP: 76150
50 #SUP: 79045
49 #SUP: 73112
