92021 #SUP: 2419
92021 102 #SUP: 2405
92021 102 100 #SUP: 1922
92021 102 100 98 #SUP: 1841
92021 102 100 92 #SUP: 1681
92021 102 98 #SUP: 2232
92021 102 98 92 #SUP: 1959
92021 102 92 #SUP: 2087
92021 100 #SUP: 1929
92021 100 98 #SUP: 1848
92021 100 92 #SUP: 1684
92021 98 #SUP: 2246
92021 98 92 #SUP: 1963
92021 92 #SUP: 2091
92020 #SUP: 2038
92020 102 #SUP: 2026
92020 102 100 #SUP: 1757
92020 102 100 98 #SUP: 1670
92020 102 98 #SUP: 1863
92020 102 92 #SUP: 1655
92020 100 #SUP: 1767
92020 100 98 #SUP: 1680
92020 98 #SUP: 1874
92020 92 #SUP: 1662
102 #SUP: 8193
102 100 #SUP: 7040
102 100 98 #SUP: 6614
102 100 98 92 #SUP: 5572
102 100 98 92 86 #SUP: 3175
102 100 98 92 78 #SUP: 1655
102 100 98 92 60 #SUP: 1809
102 100 98 92 49 #SUP: 1657
102 100 98 86 #SUP: 3779
102 100 98 80 #SUP: 1716
102 100 98 79 #SUP: 1782
102 100 98 78 #SUP: 2061
102 100 98 77 #SUP: 1734
102 100 98 60 #SUP: 2109
102 100 98 50 #SUP: 1790
102 100 98 49 #SUP: 1800
102 100 92 #SUP: 5884
102 100 92 86 #SUP: 3357
102 100 92 80 #SUP: 1654
102 100 92 79 #SUP: 1669
102 100 92 78 #SUP: 1736
102 100 92 60 #SUP: 1896
102 100 92 49 #SUP: 1742
102 100 86 #SUP: 4052
102 100 81 #SUP: 1753
102 100 80 #SUP: 1855
102 100 79 #SUP: 1834
102 100 78 #SUP: 2198
102 100 77 #SUP: 1868
102 100 60 #SUP: 2233
102 100 51 #SUP: 1751
102 100 50 #SUP: 1887
102 100 49 #SUP: 1904
102 98 #SUP: 7494
102 98 92 #SUP: 6255
102 98 92 86 #SUP: 3541
102 98 92 80 #SUP: 1676
102 98 92 79 #SUP: 1732
102 98 92 78 #SUP: 1886
102 98 92 60 #SUP: 1978
102 98 92 50 #SUP: 1681
102 98 92 49 #SUP: 1768
102 98 86 #SUP: 4264
102 98 82 #SUP: 1820
102 98 81 #SUP: 1901
102 98 80 #SUP: 1865
102 98 79 #SUP: 1908
102 98 78 #SUP: 2382
102 98 77 #SUP: 1959
102 98 60 #SUP: 2307
102 98 52 #SUP: 1774
102 98 51 #SUP: 1862
102 98 50 #SUP: 1933
102 98 49 #SUP: 1925
102 92 #SUP: 6718
102 92 86 #SUP: 3804
102 92 80 #SUP: 1784
102 92 79 #SUP: 1823
102 92 78 #SUP: 1987
102 92 77 #SUP: 1748
102 92 60 #SUP: 2093
102 92 50 #SUP: 1784
102 92 49 #SUP: 1865
102 86 #SUP: 4696
102 82 #SUP: 2090
102 81 #SUP: 2077
102 80 #SUP: 2020
102 79 #SUP: 2006
102 78 #SUP: 2592
102 77 #SUP: 2153
102 76 #SUP: 1724
102 75 #SUP: 1724
102 60 #SUP: 2495
102 52 #SUP: 2025
102 51 #SUP: 2063
102 50 #SUP: 2062
102 49 #SUP: 2043
100 #SUP: 7065
100 98 #SUP: 6639
100 98 92 #SUP: 5582
100 98 92 86 #SUP: 3181
100 98 92 78 #SUP: 1659
100 98 92 60 #SUP: 1809
100 98 92 49 #SUP: 1657
100 98 86 #SUP: 3794
100 98 80 #SUP: 1717
100 98 79 #SUP: 1784
100 98 78 #SUP: 2073
100 98 77 #SUP: 1745
100 98 60 #SUP: 2109
100 98 50 #SUP: 1790
100 98 49 #SUP: 1800
100 92 #SUP: 5894
100 92 86 #SUP: 3363
100 92 80 #SUP: 1654
100 92 79 #SUP: 1671
100 92 78 #SUP: 1740
100 92 60 #SUP: 1896
100 92 49 #SUP: 1742
100 86 #SUP: 4067
100 81 #SUP: 1763
100 80 #SUP: 1856
100 79 #SUP: 1836
100 78 #SUP: 2210
100 77 #SUP: 1879
100 60 #SUP: 2233
100 51 #SUP: 1753
100 50 #SUP: 1887
100 49 #SUP: 1904
98 #SUP: 7529
98 92 #SUP: 6268
98 92 86 #SUP: 3550
98 92 80 #SUP: 1676
98 92 79 #SUP: 1735
98 92 78 #SUP: 1891
98 92 60 #SUP: 1978
98 92 50 #SUP: 1681
98 92 49 #SUP: 1768
98 86 #SUP: 4284
98 82 #SUP: 1839
98 81 #SUP: 1912
98 80 #SUP: 1866
98 79 #SUP: 1912
98 78 #SUP: 2397
98 77 #SUP: 1974
98 60 #SUP: 2307
98 52 #SUP: 1807
98 51 #SUP: 1864
98 50 #SUP: 1933
98 49 #SUP: 1925
92 #SUP: 6731
92 86 #SUP: 3813
92 81 #SUP: 1648
92 80 #SUP: 1784
92 79 #SUP: 1826
92 78 #SUP: 1992
92 77 #SUP: 1754
92 60 #SUP: 2093
92 50 #SUP: 1784
92 49 #SUP: 1865
86 #SUP: 4717
82 #SUP: 2110
81 #SUP: 2088
80 #SUP: 2021
79 #SUP: 2010
78 #SUP: 2607
77 #SUP: 2168
76 #SUP: 1727
75 #SUP: 1727
60 #SUP: 2495
52 #SUP: 2059
51 #SUP: 2065
50 #SUP: 2062
49 #SUP: 2043
