0 73988
1 73988
2 73988
3 73988
4 73988
5 73988
6 73988
7 73988
8 73988
9 73988
10 73988
11 73988
12 73988
13 73988
14 73988
15 73988
16 73988
17 73988
18 73988
19 73988
20 73988
21 73988
22 73988
23 73988
24 73988
25 73988
26 73988
27 73988
28 73988
29 73988
30 73988
31 73988
32 73988
33 73988
34 73988
35 73988
36 73988
37 73988
38 73988
39 73988
40 73988
41 73988
42 73988
43 73988
44 73988
45 73988
46 73988
47 73988
48 73988
49 73988
50 73988
51 73988
52 73988
53 73988
54 73988
55 73988
56 73988
57 73988
58 73988
59 73988
60 73988
61 73988
62 73988
63 73988
64 73988
65 73988
66 73988
67 73988
68 73988
69 73988
70 73988
71 73988
72 73988
73 73988
74 73988
75 73988
76 73988
77 73988
78 73988
79 73988
80 73988
81 73988
82 73988
83 73988
84 73988
85 73988
86 73988
87 73988
88 73988
89 73988
90 73988
91 73988
92 73988
93 73988
94 73988
95 73988
96 73988
97 73988
98 73988
99 73988
100 73988
101 73988
102 73988
2010 73988
2011 73988
2012 73988
2013 73988
2014 73988
2015 73988
2016 73988
2017 73988
2018 73988
2019 73988
2020 73988
2021 73988
92010 73988
92011 73988
92012 73988
92013 73988
92014 73988
92015 73988
92016 73988
92017 73988
92018 73988
92019 73988
92020 73988
92021 73988
