0 1394
1 1394
2 1394
3 1394
4 1394
5 1394
6 1394
7 1394
8 1394
9 1394
10 1394
11 1394
12 1394
13 1394
14 1394
15 1394
16 1394
17 1394
18 1394
19 1394
20 1394
21 1394
22 1394
23 1394
24 1394
25 1394
26 1394
27 1394
28 1394
29 1394
30 1394
31 1394
32 1394
33 1394
34 1394
35 1394
36 1394
37 1394
38 1394
39 1394
40 1394
41 1394
42 1394
43 1394
44 1394
45 1394
46 1394
47 1394
48 1394
49 1394
50 1394
51 1394
52 1394
53 1394
54 1394
55 1394
56 1394
57 1394
58 1394
59 1394
60 1394
61 1394
62 1394
63 1394
64 1394
65 1394
66 1394
67 1394
68 1394
69 1394
70 1394
71 1394
72 1394
73 1394
74 1394
75 1394
76 1394
77 1394
78 1394
79 1394
80 1394
81 1394
82 1394
83 1394
84 1394
85 1394
86 1394
87 1394
88 1394
89 1394
90 1394
91 1394
92 1394
93 1394
94 1394
95 1394
96 1394
97 1394
98 1394
99 1394
100 1394
101 1394
102 1394
2010 1394
2011 1394
2012 1394
2013 1394
2014 1394
2015 1394
2016 1394
2017 1394
2018 1394
2019 1394
2020 1394
2021 1394
92010 1394
92011 1394
92012 1394
92013 1394
92014 1394
92015 1394
92016 1394
92017 1394
92018 1394
92019 1394
92020 1394
92021 1394
