0 60904
1 60904
2 60904
3 60904
4 60904
5 60904
6 60904
7 60904
8 60904
9 60904
10 60904
11 60904
12 60904
13 60904
14 60904
15 60904
16 60904
17 60904
18 60904
19 60904
20 60904
21 60904
22 60904
23 60904
24 60904
25 60904
26 60904
27 60904
28 60904
29 60904
30 60904
31 60904
32 60904
33 60904
34 60904
35 60904
36 60904
37 60904
38 60904
39 60904
40 60904
41 60904
42 60904
43 60904
44 60904
45 60904
46 60904
47 60904
48 60904
49 60904
50 60904
51 60904
52 60904
53 60904
54 60904
55 60904
56 60904
57 60904
58 60904
59 60904
60 60904
61 60904
62 60904
63 60904
64 60904
65 60904
66 60904
67 60904
68 60904
69 60904
70 60904
71 60904
72 60904
73 60904
74 60904
75 60904
76 60904
77 60904
78 60904
79 60904
80 60904
81 60904
82 60904
83 60904
84 60904
85 60904
86 60904
87 60904
88 60904
89 60904
90 60904
91 60904
92 60904
93 60904
94 60904
95 60904
96 60904
97 60904
98 60904
99 60904
100 60904
101 60904
102 60904
2010 60904
2011 60904
2012 60904
2013 60904
2014 60904
2015 60904
2016 60904
2017 60904
2018 60904
2019 60904
2020 60904
2021 60904
92010 60904
92011 60904
92012 60904
92013 60904
92014 60904
92015 60904
92016 60904
92017 60904
92018 60904
92019 60904
92020 60904
92021 60904
