0 1646
1 1646
2 1646
3 1646
4 1646
5 1646
6 1646
7 1646
8 1646
9 1646
10 1646
11 1646
12 1646
13 1646
14 1646
15 1646
16 1646
17 1646
18 1646
19 1646
20 1646
21 1646
22 1646
23 1646
24 1646
25 1646
26 1646
27 1646
28 1646
29 1646
30 1646
31 1646
32 1646
33 1646
34 1646
35 1646
36 1646
37 1646
38 1646
39 1646
40 1646
41 1646
42 1646
43 1646
44 1646
45 1646
46 1646
47 1646
48 1646
49 1646
50 1646
51 1646
52 1646
53 1646
54 1646
55 1646
56 1646
57 1646
58 1646
59 1646
60 1646
61 1646
62 1646
63 1646
64 1646
65 1646
66 1646
67 1646
68 1646
69 1646
70 1646
71 1646
72 1646
73 1646
74 1646
75 1646
76 1646
77 1646
78 1646
79 1646
80 1646
81 1646
82 1646
83 1646
84 1646
85 1646
86 1646
87 1646
88 1646
89 1646
90 1646
91 1646
92 1646
93 1646
94 1646
95 1646
96 1646
97 1646
98 1646
99 1646
100 1646
101 1646
102 1646
2010 1646
2011 1646
2012 1646
2013 1646
2014 1646
2015 1646
2016 1646
2017 1646
2018 1646
2019 1646
2020 1646
2021 1646
92010 1646
92011 1646
92012 1646
92013 1646
92014 1646
92015 1646
92016 1646
92017 1646
92018 1646
92019 1646
92020 1646
92021 1646
